[app/ui]
version = 8.1.0
modtime = 1635495384.959606000

[app/launcher]
version = 8.1.0
modtime = 1635495384.960262000

[app/install/install_source_checksum]
version = 8.2.2
modtime = 1635718493.260527000
